100
1.0
15
180
190
180.18
183.13
182.79
181.14
180.42
183.84
189.99
193.05
207.98
205.15
206.45
208.08
203.00
198.77
196.42
184.90
195.11
195.16
195.72
191.05
182.86
185.97
183.38
184.79
195.95
181.24
179.49
174.91
181.63
179.01
174.76
181.76
181.08
181.62
183.89
182.64
185.56
184.97
180.28
181.11
177.94
176.26
176.10
174.53
176.67
183.92
182.97
187.94
189.92
187.71
188.24
189.57
189.84
191.76
190.52
188.57
189.11
185.08
183.22
185.00
184.32
186.50
189.08
181.90
179.05
184.75
187.50
187.16
187.24
191.27
191.34
191.21
187.20
186.24
179.46
174.93
176.69
184.26
191.38
192.45
193.03
187.48
181.75
188.75
187.06
186.57
191.40
191.49
194.45
194.27
181.25
175.01
178.49
180.44
181.17
179.84
176.83
182.40
185.91
184.05