AAPL,AMAT,ADBE,NVDA,ADSK,HOOD,GPRO,RBLX,ASML,BBWI
248.02,226.47,327.75,180.18,299.32,128.16,2.00,133.69,1020.59,25.75
255.89,227.15,334.64,183.13,305.00,133.43,2.05,133.90,1031.75,26.48
261.88,225.92,343.59,182.79,307.95,135.29,2.14,135.00,1036.31,25.85
262.65,226.00,355.48,181.14,309.82,131.63,2.28,133.12,1026.45,26.36
259.94,218.39,352.51,180.42,304.00,128.28,2.22,129.13,1004.52,26.04
261.19,229.00,357.21,183.84,313.01,137.99,2.24,131.41,1037.93,27.15
264.88,233.00,355.57,189.99,313.35,144.99,2.16,129.65,1050.01,26.84
268.99,229.68,360.00,193.05,312.87,146.00,2.09,131.45,1056.80,26.00
269.28,232.90,355.52,207.98,306.53,146.00,2.09,131.50,1070.66,25.73
271.99,237.78,338.20,205.15,295.25,142.39,1.95,125.55,1072.68,24.66
276.99,233.74,338.70,206.45,300.42,143.60,1.95,118.60,1071.68,23.99
270.42,235.67,340.31,208.08,302.99,148.79,1.95,112.93,1063.02,24.40
268.33,231.42,335.02,203.00,302.26,139.87,1.76,104.93,1049.95,23.99
268.61,230.19,332.61,198.77,301.23,139.63,1.69,104.60,1031.10,23.51
267.89,240.77,333.00,196.42,299.46,140.00,1.79,102.00,1039.88,23.70
269.80,232.27,325.83,184.90,294.60,123.77,1.60,101.77,1031.10,22.63
268.96,236.23,328.00,195.11,297.40,135.45,1.59,108.03,1036.77,23.10
269.81,232.57,329.50,195.16,299.17,133.99,1.61,104.88,1031.77,22.31
275.00,231.23,333.61,195.72,301.55,133.33,1.58,104.88,1030.16,21.73
274.11,227.39,335.01,191.05,300.50,129.87,1.62,104.00,1040.99,22.29
271.05,203.75,332.91,182.86,295.81,115.15,1.49,99.08,989.30,21.85
268.82,224.20,331.11,185.97,299.53,120.50,1.55,102.25,1004.72,22.06
269.99,226.48,323.78,183.38,292.87,113.91,1.51,100.46,1011.08,21.25
265.53,227.29,323.18,184.79,291.60,114.74,1.57,100.33,1005.77,21.19
270.83,238.79,318.87,195.95,295.26,121.63,1.57,98.13,1042.23,15.86
265.95,219.20,313.57,181.24,288.69,107.84,1.43,92.12,963.35,15.30
270.90,222.86,325.00,179.49,291.35,109.92,1.51,87.89,977.62,15.02
275.27,237.55,317.77,174.91,290.28,112.46,1.64,89.76,993.83,15.86
276.96,242.83,319.20,181.63,313.97,121.33,1.62,92.17,1040.67,17.03
277.26,250.80,317.80,179.01,300.29,128.07,1.64,93.61,1040.40,17.44
278.01,250.23,316.39,174.76,301.17,123.45,1.60,93.01,1056.03,17.38
283.00,255.63,321.62,181.76,306.06,125.25,1.66,94.19,1089.61,18.89
286.20,265.30,321.98,181.08,308.76,126.10,1.73,92.15,1110.24,18.69
284.10,268.34,328.57,181.62,307.80,133.21,1.83,92.60,1122.53,19.13
280.54,269.79,330.60,183.89,306.00,135.06,1.81,95.67,1121.93,19.14
278.13,269.50,347.45,182.64,307.60,134.10,1.83,96.22,1118.82,18.82
278.16,266.07,341.40,185.56,301.07,134.50,1.86,97.32,1107.90,19.40
277.75,266.77,342.13,184.97,299.46,135.26,1.86,99.98,1109.40,18.82
279.10,271.22,341.65,180.28,299.93,131.77,1.75,94.19,1114.75,19.53
277.90,267.26,351.54,181.11,302.48,125.34,1.75,90.88,1109.39,20.05
280.15,263.43,352.60,177.94,299.21,120.40,1.72,87.96,1089.35,20.20
272.82,259.79,350.00,176.26,294.31,116.69,1.58,87.18,1081.53,19.99
275.01,258.16,347.89,176.10,294.13,120.97,1.55,87.50,1060.77,19.82
273.61,259.09,355.87,174.53,294.65,121.87,1.55,86.68,1047.97,19.80
272.15,255.71,355.53,176.67,299.92,119.47,1.59,84.10,1042.56,19.55
272.86,262.83,355.59,183.92,301.38,123.51,1.62,82.42,1066.00,19.73
270.84,258.16,357.47,182.97,298.86,120.29,1.57,81.77,1057.94,19.32
272.34,260.23,352.21,187.94,297.67,119.96,1.58,80.69,1059.82,19.37
274.16,261.84,352.50,189.92,298.42,120.71,1.57,81.72,1066.25,19.64
272.69,260.82,353.37,187.71,299.08,116.89,1.57,81.12,1064.58,19.66
272.81,264.19,352.03,188.24,299.53,117.62,1.50,81.68,1084.58,20.34
273.06,261.47,351.01,189.57,298.62,114.84,1.46,81.76,1080.23,20.25
272.26,267.08,350.68,189.84,296.00,115.48,1.43,81.45,1133.76,20.40
270.64,276.12,330.11,191.76,288.04,117.92,1.45,81.40,1211.22,20.44
267.00,285.43,330.00,190.52,288.51,124.16,1.50,79.37,1222.82,20.25
263.20,292.00,336.24,188.57,294.73,120.05,1.49,76.26,1227.45,22.06
257.02,290.70,337.38,189.11,291.00,115.75,1.47,74.86,1217.26,21.60
259.08,288.40,335.88,185.08,276.80,116.97,1.49,73.75,1232.85,23.26
259.16,301.72,327.77,183.22,275.91,114.51,1.46,73.05,1256.06,22.90
258.72,307.06,322.49,185.00,277.50,117.40,1.47,76.93,1282.32,23.02
259.49,301.47,308.57,184.32,268.95,120.29,1.41,86.75,1267.12,23.16
260.65,328.08,304.97,186.50,262.23,119.61,1.38,83.85,1353.64,23.16
257.90,325.72,304.56,189.08,262.72,111.05,1.39,86.00,1355.71,23.17
252.73,316.10,294.32,181.90,261.54,105.00,1.33,84.55,1319.12,22.48
248.70,319.48,290.77,179.05,253.87,105.72,1.29,78.67,1332.00,22.16
249.20,332.99,296.00,184.75,268.71,107.48,1.32,76.48,1393.65,22.55
247.32,318.98,301.46,187.50,269.41,106.90,1.34,75.11,1376.32,22.51
251.48,322.00,301.40,187.16,270.41,106.26,1.28,73.25,1385.87,22.02
259.17,324.45,303.81,187.24,271.20,107.70,1.26,74.72,1417.63,21.48
257.65,341.93,299.66,191.27,268.51,105.29,1.29,73.46,1493.00,21.42
258.00,340.74,291.68,191.34,260.00,103.82,1.22,75.13,1459.32,21.41
255.17,332.93,291.60,191.21,253.59,102.74,1.19,74.33,1440.04,20.52
260.03,320.60,297.01,187.20,259.61,95.88,1.15,67.02,1397.24,21.81
269.20,336.94,282.74,186.24,250.01,90.10,1.10,66.94,1436.04,22.42
272.29,323.99,267.23,179.46,238.76,84.77,1.16,64.50,1395.76,22.30
278.13,300.07,277.49,174.93,245.84,77.67,1.05,62.80,1329.12,22.34
277.12,309.41,271.68,176.69,239.65,77.86,0.99,67.41,1372.37,22.46
277.91,317.56,267.05,184.26,238.86,84.88,1.00,68.76,1415.84,22.75
274.89,329.86,266.69,191.38,242.68,85.32,1.02,74.70,1439.27,23.24
274.70,337.91,263.08,192.45,234.12,77.88,1.04,71.70,1440.40,22.64
275.59,339.88,258.36,193.03,232.60,78.87,0.95,68.34,1435.23,22.65
262.01,364.95,262.17,187.48,223.83,72.46,0.87,64.01,1414.85,23.12
258.05,351.00,265.24,181.75,228.10,74.34,0.88,63.88,1392.57,24.20
263.60,361.63,260.45,188.75,224.49,74.79,0.81,62.74,1436.47,24.14
262.60,362.20,263.38,187.06,229.86,74.39,0.85,63.00,1439.04,23.69
258.97,366.27,255.00,186.57,227.65,75.20,0.82,63.62,1449.42,24.05
263.49,372.40,254.14,191.40,223.63,74.60,0.80,61.70,1471.40,23.80
267.86,376.59,245.57,191.49,217.54,70.91,0.80,61.85,1500.02,22.73
271.78,385.00,253.33,194.45,220.95,76.91,0.81,66.99,1522.40,23.25
274.95,391.80,261.59,194.27,228.43,76.93,0.86,68.14,1512.82,23.09
272.81,365.94,254.02,181.25,233.58,76.80,0.94,69.72,1430.34,22.75
262.41,366.58,257.60,175.01,243.53,73.49,0.93,66.50,1417.75,22.06
263.48,350.90,260.05,178.49,246.10,74.04,0.90,64.67,1357.58,21.39
264.65,359.22,271.51,180.44,253.30,79.60,0.90,65.63,1391.13,23.51
260.79,351.04,275.40,181.17,258.55,82.12,1.14,67.78,1381.12,23.36
258.63,329.52,280.28,179.84,261.54,77.91,0.88,64.29,1293.86,21.88
255.69,320.48,281.32,176.83,260.77,75.92,0.78,62.46,1284.79,20.42
257.65,339.85,281.82,182.40,260.58,80.21,0.83,63.55,1374.59,21.59
261.09,348.00,277.93,185.91,255.45,78.11,0.77,59.45,1383.96,20.50