ERIC,SPOT,PLTR,GILD,ORCL,PYPL,CSCO,INTC,BKNG,ETSY
9.48,660.00,177.75,119.64,303.75,65.54,69.06,36.36,4948.90,71.10
9.52,670.13,179.49,122.59,288.95,67.68,70.12,37.57,5105.80,71.22
9.52,685.00,182.06,123.27,278.11,69.02,70.58,38.14,5140.00,72.03
9.52,680.00,181.93,124.24,274.82,69.17,70.86,37.84,5327.96,71.58
9.51,680.00,175.45,121.75,272.96,68.07,70.60,36.60,5258.00,72.96
9.55,676.20,182.88,120.42,285.92,70.15,70.64,40.02,5130.00,75.00
9.50,648.44,188.97,121.49,286.57,70.86,70.54,38.39,5234.79,74.70
9.43,660.93,189.48,119.77,283.00,76.21,71.20,39.59,5240.58,74.93
10.25,651.43,191.08,117.12,281.46,72.70,72.68,41.60,5200.01,70.26
9.96,661.99,198.43,118.80,268.74,69.83,71.37,40.97,5063.39,64.08
10.06,661.88,199.20,116.06,259.51,68.27,72.72,40.68,5065.17,62.55
10.27,653.15,205.04,119.82,265.24,69.53,74.61,40.25,5063.60,61.49
9.96,625.18,192.07,123.15,249.98,67.23,73.90,38.14,4998.50,59.88
9.75,626.00,189.00,122.20,247.91,66.02,72.22,37.42,4981.01,57.89
9.77,620.00,187.99,121.93,247.94,67.80,71.71,38.34,4880.00,60.24
9.71,610.46,173.15,123.89,239.00,65.50,71.39,37.26,4917.45,56.33
9.74,620.00,184.31,119.40,245.95,67.06,71.76,38.93,4956.06,59.30
9.86,620.56,190.34,118.61,236.23,66.25,71.74,38.15,4973.00,60.60
9.91,641.11,190.58,122.40,236.74,67.53,71.91,38.06,5055.00,64.25
9.97,651.01,181.71,123.75,224.99,66.51,77.95,37.27,5209.35,62.62
9.74,637.79,166.98,124.81,210.83,64.11,76.58,35.03,5081.65,57.26
9.68,633.26,170.53,125.23,218.21,62.81,77.89,35.45,5030.00,57.30
9.48,634.23,168.37,124.54,216.21,61.39,77.55,34.25,4798.19,54.00
9.45,636.00,167.80,127.09,219.06,60.61,77.30,34.33,4770.15,54.38
9.50,619.65,172.07,128.34,231.16,60.58,79.12,36.00,4673.00,53.43
9.32,585.00,156.01,125.34,207.08,58.24,75.64,33.51,4600.50,51.56
9.39,582.61,157.47,126.96,196.86,60.61,76.49,34.97,4833.39,52.72
9.44,596.68,160.07,124.78,194.08,60.86,76.49,35.55,4882.51,52.87
9.53,590.00,166.85,126.94,209.50,61.40,76.46,36.20,4899.63,53.90
9.53,596.62,167.76,127.10,199.51,62.23,76.14,37.40,4904.67,54.17
9.62,594.16,165.00,125.89,200.50,62.05,76.67,39.86,4912.00,53.53
9.60,580.18,169.59,124.40,205.14,62.92,76.16,40.47,4905.00,54.78
9.60,572.91,170.14,124.21,200.33,62.85,76.59,43.39,5092.97,54.65
9.63,557.22,176.37,124.81,207.86,60.50,77.69,43.26,5065.00,53.27
9.53,562.99,178.23,122.29,219.00,61.67,77.97,41.16,5035.61,52.70
9.53,566.00,182.21,120.98,221.35,62.42,78.21,41.94,5188.60,54.92
9.64,577.00,180.97,121.07,220.03,60.75,78.79,40.73,5153.99,53.74
9.59,590.00,184.95,119.49,221.80,60.49,78.83,40.11,5173.50,54.97
9.75,606.80,184.80,122.25,190.62,60.08,80.24,40.07,5276.42,54.61
9.67,598.90,185.81,122.86,196.37,61.08,79.46,39.25,5308.92,53.04
9.60,595.75,185.08,122.00,188.29,61.96,78.21,38.33,5357.89,53.44
9.62,575.00,181.65,120.53,184.70,61.69,78.11,37.58,5425.00,53.72
9.58,580.00,187.71,119.27,183.31,61.39,77.90,37.59,5425.26,53.79
9.67,569.75,181.51,121.24,182.72,59.59,76.33,37.38,5338.84,54.50
9.64,571.19,186.74,121.19,188.39,58.92,76.97,36.48,5340.31,54.37
9.75,580.00,195.04,124.08,196.82,59.96,79.02,37.89,5438.08,54.28
9.71,580.55,192.82,124.17,196.43,59.83,77.61,36.24,5395.77,55.50
9.67,576.59,193.16,125.71,195.00,59.33,78.02,35.17,5419.02,54.53
9.71,585.07,195.01,125.52,198.06,60.00,78.10,36.17,5436.28,55.94
9.69,583.88,186.85,124.82,194.16,59.85,78.03,36.01,5443.39,55.75
9.76,577.35,184.35,124.56,196.06,59.46,77.81,36.91,5413.24,56.50
9.75,574.69,181.13,123.24,196.42,59.03,77.34,37.40,5415.01,55.11
9.69,585.88,181.30,122.49,197.47,58.67,76.65,37.77,5356.79,55.94
9.54,582.25,174.88,120.77,198.34,58.01,76.45,41.59,5293.20,56.94
9.49,595.38,175.76,118.22,192.56,59.27,75.53,39.86,5350.30,58.80
9.84,570.00,179.80,122.34,195.30,59.87,75.12,40.18,5321.41,61.73
9.57,567.50,185.62,124.08,190.88,58.02,74.31,42.62,5441.00,60.51
9.39,553.58,177.02,120.34,191.66,58.80,73.45,41.83,5415.06,61.75
9.34,539.46,177.68,120.58,197.60,57.61,72.91,44.24,5454.20,61.57
9.43,536.71,178.88,122.59,205.00,57.21,73.99,45.89,5366.93,60.35
9.40,537.00,178.12,121.38,201.68,56.40,74.93,48.95,5262.53,61.61
9.44,542.35,178.71,124.31,195.01,57.74,75.22,49.35,5191.15,62.22
9.48,508.00,179.36,123.80,189.91,56.79,75.64,49.27,5193.06,63.43
9.22,504.26,167.62,123.80,187.19,55.58,74.52,47.30,5012.07,60.00
9.36,509.00,168.40,123.73,179.68,55.52,73.95,50.32,5009.73,59.43
9.54,505.50,168.93,129.13,179.37,56.59,74.11,54.21,5207.91,62.75
10.39,510.63,167.27,131.26,172.62,56.83,73.95,46.86,5067.24,61.99
10.56,516.02,168.21,135.88,179.10,56.57,76.47,44.28,5113.83,59.65
10.98,512.49,167.48,137.54,179.19,56.50,77.19,43.97,5107.28,60.14
10.93,512.34,164.40,140.41,174.92,55.01,78.93,46.60,5161.43,58.92
11.03,502.68,157.63,139.75,170.15,54.12,79.11,47.56,5106.02,57.23
10.83,509.68,150.05,139.08,168.17,52.44,78.09,48.98,5084.56,54.12
10.81,497.02,150.94,141.05,170.92,52.50,78.12,45.63,5035.00,53.00
11.04,504.75,165.05,142.16,158.26,42.88,80.81,50.06,5059.56,53.00
11.20,465.00,155.41,144.14,153.89,41.60,83.98,49.54,4554.00,53.61
10.82,436.88,136.82,146.50,145.60,40.60,80.86,47.59,4649.28,52.97
11.09,423.83,135.33,149.69,139.75,40.25,83.56,49.10,4443.77,54.96
11.19,430.82,136.58,151.85,148.49,40.21,84.73,49.59,4418.69,56.52
11.37,462.78,144.96,151.47,160.00,40.75,86.97,50.41,4219.52,55.11
11.21,489.73,139.02,148.90,163.66,41.50,86.06,48.11,4253.58,53.53
11.00,479.18,135.36,153.42,157.93,40.28,79.61,47.80,4277.46,47.41
11.00,448.51,127.90,151.89,159.25,39.24,74.38,45.76,4154.00,46.36
11.03,461.95,128.90,155.04,157.98,40.50,76.95,45.93,4131.19,45.56
11.21,469.33,135.89,156.01,154.41,40.77,76.55,45.92,4106.26,44.04
11.11,481.21,132.31,152.34,157.19,41.10,77.99,44.95,4088.87,48.56
11.23,485.33,132.37,150.58,153.30,41.58,78.13,43.89,4012.47,49.79
11.20,483.78,132.04,148.93,145.69,41.04,78.85,44.09,4051.88,51.50
10.99,462.50,129.01,149.72,140.84,43.49,77.74,44.10,3890.00,52.38
11.07,460.32,130.61,147.35,149.16,47.38,78.45,46.09,4077.00,54.50
11.23,469.00,133.85,145.92,148.79,47.50,78.94,46.77,4179.50,53.97
11.40,490.89,134.07,143.56,143.88,45.81,77.65,44.46,4193.70,54.38
11.33,505.35,140.77,147.87,141.62,44.82,78.75,44.20,4050.00,53.71
11.11,495.75,142.10,148.13,144.75,44.73,78.38,43.44,4115.05,51.82
11.42,522.98,148.43,148.92,150.01,46.05,79.20,44.07,4146.03,54.14
11.32,537.50,152.94,146.32,152.59,46.49,79.99,44.87,4511.10,56.48
11.02,552.00,150.44,143.56,152.92,47.17,78.52,44.67,4518.00,55.43
10.91,552.87,155.69,143.50,150.70,46.05,77.18,42.74,4461.71,55.60
11.66,547.07,155.99,147.73,153.62,45.61,77.14,45.41,4412.50,55.67
11.38,532.81,151.38,147.11,166.38,45.45,77.64,46.82,4377.53,53.14